-5.7 4.75 2700.0 3900.0 29000.0
-6.3 4.75 2700.0 3900.0 29000.0
-5.7 5.25 2700.0 3900.0 29000.0
-6.3 5.25 2700.0 3900.0 29000.0
-5.7 5.0 2565.0 3900.0 29000.0
-6.3 5.0 2565.0 3900.0 29000.0
-5.7 5.0 2835.0 3900.0 29000.0
-6.3 5.0 2835.0 3900.0 29000.0
-5.7 5.0 2700.0 3705.0 29000.0
-6.3 5.0 2700.0 3705.0 29000.0
-5.7 5.0 2700.0 4095.0 29000.0
-6.3 5.0 2700.0 4095.0 29000.0
-5.7 5.0 2700.0 3900.0 27550.0
-6.3 5.0 2700.0 3900.0 27550.0
-5.7 5.0 2700.0 3900.0 30450.0
-6.3 5.0 2700.0 3900.0 30450.0
-6.0 4.75 2565.0 3900.0 29000.0
-6.0 5.25 2565.0 3900.0 29000.0
-6.0 4.75 2835.0 3900.0 29000.0
-6.0 5.25 2835.0 3900.0 29000.0
-6.0 4.75 2700.0 3705.0 29000.0
-6.0 5.25 2700.0 3705.0 29000.0
-6.0 4.75 2700.0 4095.0 29000.0
-6.0 5.25 2700.0 4095.0 29000.0
-6.0 4.75 2700.0 3900.0 27550.0
-6.0 5.25 2700.0 3900.0 27550.0
-6.0 4.75 2700.0 3900.0 30450.0
-6.0 5.25 2700.0 3900.0 30450.0
-6.0 5.0 2565.0 3705.0 29000.0
-6.0 5.0 2835.0 3705.0 29000.0
-6.0 5.0 2565.0 4095.0 29000.0
-6.0 5.0 2835.0 4095.0 29000.0
-6.0 5.0 2565.0 3900.0 27550.0
-6.0 5.0 2835.0 3900.0 27550.0
-6.0 5.0 2565.0 3900.0 30450.0
-6.0 5.0 2835.0 3900.0 30450.0
-6.0 5.0 2700.0 3705.0 27550.0
-6.0 5.0 2700.0 4095.0 27550.0
-6.0 5.0 2700.0 3705.0 30450.0
-6.0 5.0 2700.0 4095.0 30450.0
-6.0 5.0 2700.0 3900.0 29000.0
-6.0 5.0 2700.0 3900.0 29000.0
-6.0 5.0 2700.0 3900.0 29000.0
