-6.0 5.0 2700.0 3900.0 29000.0
-6.3 5.0 2700.0 3900.0 29000.0
-6.0 5.25 2700.0 3900.0 29000.0
-6.3 5.25 2700.0 3900.0 29000.0
-6.0 5.0 2835.0 3900.0 29000.0
-6.3 5.0 2835.0 3900.0 29000.0
-6.0 5.25 2835.0 3900.0 29000.0
-6.3 5.25 2835.0 3900.0 29000.0
-6.0 5.0 2700.0 4095.0 29000.0
-6.3 5.0 2700.0 4095.0 29000.0
-6.0 5.25 2700.0 4095.0 29000.0
-6.3 5.25 2700.0 4095.0 29000.0
-6.0 5.0 2835.0 4095.0 29000.0
-6.3 5.0 2835.0 4095.0 29000.0
-6.0 5.25 2835.0 4095.0 29000.0
-6.3 5.25 2835.0 4095.0 29000.0
-6.0 5.0 2700.0 3900.0 30450.0
-6.3 5.0 2700.0 3900.0 30450.0
-6.0 5.25 2700.0 3900.0 30450.0
-6.3 5.25 2700.0 3900.0 30450.0
-6.0 5.0 2835.0 3900.0 30450.0
-6.3 5.0 2835.0 3900.0 30450.0
-6.0 5.25 2835.0 3900.0 30450.0
-6.3 5.25 2835.0 3900.0 30450.0
-6.0 5.0 2700.0 4095.0 30450.0
-6.3 5.0 2700.0 4095.0 30450.0
-6.0 5.25 2700.0 4095.0 30450.0
-6.3 5.25 2700.0 4095.0 30450.0
-6.0 5.0 2835.0 4095.0 30450.0
-6.3 5.0 2835.0 4095.0 30450.0
-6.0 5.25 2835.0 4095.0 30450.0
-6.3 5.25 2835.0 4095.0 30450.0

