-5.7 4.75 2565.0 3705.0 27550.0
-6.0 4.75 2565.0 3705.0 27550.0
-5.7 5.0 2565.0 3705.0 27550.0
-6.0 5.0 2565.0 3705.0 27550.0
-5.7 4.75 2700.0 3705.0 27550.0
-6.0 4.75 2700.0 3705.0 27550.0
-5.7 5.0 2700.0 3705.0 27550.0
-6.0 5.0 2700.0 3705.0 27550.0
-5.7 4.75 2565.0 3900.0 27550.0
-6.0 4.75 2565.0 3900.0 27550.0
-5.7 5.0 2565.0 3900.0 27550.0
-6.0 5.0 2565.0 3900.0 27550.0
-5.7 4.75 2700.0 3900.0 27550.0
-6.0 4.75 2700.0 3900.0 27550.0
-5.7 5.0 2700.0 3900.0 27550.0
-6.0 5.0 2700.0 3900.0 27550.0
-5.7 4.75 2565.0 3705.0 29000.0
-6.0 4.75 2565.0 3705.0 29000.0
-5.7 5.0 2565.0 3705.0 29000.0
-6.0 5.0 2565.0 3705.0 29000.0
-5.7 4.75 2700.0 3705.0 29000.0
-6.0 4.75 2700.0 3705.0 29000.0
-5.7 5.0 2700.0 3705.0 29000.0
-6.0 5.0 2700.0 3705.0 29000.0
-5.7 4.75 2565.0 3900.0 29000.0
-6.0 4.75 2565.0 3900.0 29000.0
-5.7 5.0 2565.0 3900.0 29000.0
-6.0 5.0 2565.0 3900.0 29000.0
-5.7 4.75 2700.0 3900.0 29000.0
-6.0 4.75 2700.0 3900.0 29000.0
-5.7 5.0 2700.0 3900.0 29000.0
-6.0 5.0 2700.0 3900.0 29000.0
